In-sample
Naive estimator error:
2      24.035815
5      35.802768
10     55.504113
30    160.842583
B2BD baseline error:
2       8.185356
5      26.987838
10     50.644008
30    157.138882
B2BD T-reg error:
2       7.913024
5      27.162657
10     51.505382
30    157.546503
T-learner estimator error:
2      16.300412
5      31.872939
10     61.906149
30    191.178451
Hydranet baseline error:
2      14.126197
5      23.200217
10     39.079147
30    103.800356
Hydranet  T-reg error:
2      1.328583
5      2.638439
10     5.138852
30    11.421673
*******
Out-sample
Naive estimator error:
2      45.283507
5      70.840126
10     96.558359
30    256.157387
B2BD baseline error:
2      13.756892
5      42.275084
10     86.732012
30    243.061947
B2BD T-reg error:
2      13.889395
5      41.637826
10     87.233915
30    243.818652
T-learner estimator error:
2      14.925079
5      28.138147
10     51.843886
30    134.860066
Hydranet baseline error:
2      69.179459
5     103.857626
10    163.535634
30    408.461024
Hydranet  T-reg error:
2      1.568140
5      2.658030
10     5.778027
30    14.877732
*******
