In-sample
Naive estimator error:
2      82.166098
5      86.907597
10    106.806335
18     95.938719
B2BD baseline error:
2      87.372345
5      72.401424
10    103.767662
18     90.097671
B2BD T-reg error:
2      89.050860
5      73.648706
10    103.569099
18     92.180961
T-learner estimator error:
2     117.740352
5     113.770054
10    113.339095
18    109.567226
Hydranet baseline error:
2     6.835774
5     7.670423
10    7.596965
18    6.148582
Hydranet  T-reg error:
2     7.612262
5     8.035829
10    8.443572
18    7.561739
*******
Out-sample
Naive estimator error:
2     250.795787
5     219.403451
10    194.389275
18    203.317507
B2BD baseline error:
2     124.839024
5     157.922951
10    169.309941
18    180.623208
B2BD T-reg error:
2     128.238839
5     158.871421
10    172.883303
18    181.758517
T-learner estimator error:
2     64.075752
5     80.914493
10    83.713829
18    67.230838
Hydranet baseline error:
2     11.665074
5      8.086103
10    10.889975
18     8.947121
Hydranet  T-reg error:
2     11.782714
5      8.681683
10    11.480909
18    10.177389
*******
