In-sample
Naive estimator error:
1000     146.279334
2000      92.280990
5000      69.326289
10000     42.937969
B2BD baseline error:
1000     141.560514
2000      76.082229
5000      47.663773
10000     43.582633
B2BD T-reg error:
1000     143.950497
2000      72.450922
5000      48.577739
10000     43.014169
T-learner estimator error:
1000     186.121784
2000      84.668205
5000      59.719317
10000     47.591770
Hydranet baseline error:
1000     12.812190
2000      6.636100
5000      3.761268
10000     3.488185
Hydranet  T-reg error:
1000     13.365390
2000      7.311371
5000      4.639395
10000     3.003519
*******
Out-sample
Naive estimator error:
1000     279.683527
2000     231.860470
5000     151.332505
10000     84.583741
B2BD baseline error:
1000     259.392054
2000     188.902239
5000      89.801130
10000     66.183281
B2BD T-reg error:
1000     257.711920
2000     188.104560
5000      89.572779
10000     65.726795
T-learner estimator error:
1000     133.113823
2000      65.769131
5000      49.962641
10000     31.422986
Hydranet baseline error:
1000     16.750739
2000      9.916942
5000      6.344631
10000     3.832439
Hydranet  T-reg error:
1000     14.311218
2000     10.537090
5000      6.289546
10000     3.645961
*******
